0: 8 11
100: 20 114 | 111 29
101: 45 29 | 78 114
102: 70 29 | 50 114
103: 29 109 | 114 15
104: 114 114
105: 114 70 | 29 132
106: 29 64 | 114 132
107: 50 29 | 65 114
108: 29 48 | 114 111
109: 29 120 | 114 30
10: 29 67 | 114 65
110: 114 50 | 29 65
111: 114 21 | 29 114
112: 48 114 | 64 29
113: 68 114 | 68 29
114: "b"
115: 29 50
116: 29 17 | 114 6
117: 7 114 | 49 29
118: 114 106 | 29 76
119: 29 111 | 114 70
11: 42 31 | 42 11 31
120: 114 67 | 29 132
121: 32 29 | 54 114
122: 114 111 | 29 65
123: 118 114 | 39 29
124: 23 114 | 34 29
125: 29 58 | 114 88
126: 29 134 | 114 4
127: 50 29 | 48 114
128: 115 29 | 112 114
129: 14 29 | 104 114
12: 121 29 | 128 114
130: 29 36 | 114 108
131: 111 114 | 65 29
132: 114 114 | 29 114
133: 132 29 | 70 114
134: 114 50 | 29 48
13: 114 77 | 29 105
14: 21 21
15: 41 114 | 90 29
16: 29 12 | 114 103
17: 29 70 | 114 70
18: 29 122 | 114 110
19: 21 111
1: 52 114 | 130 29
20: 21 114 | 29 29
21: 29 | 114
22: 3 114 | 113 29
23: 21 40
24: 20 114 | 50 29
25: 114 55 | 29 46
26: 114 50 | 29 64
27: 111 114 | 132 29
28: 53 29 | 119 114
29: "a"
2: 107 29 | 26 114
30: 20 114 | 40 29
31: 29 92 | 114 38
32: 79 114 | 64 29
33: 116 29 | 84 114
34: 29 79 | 114 48
35: 104 29 | 104 114
36: 114 68 | 29 132
37: 64 114 | 104 29
38: 114 9 | 29 57
39: 114 127 | 29 35
3: 29 68 | 114 20
40: 114 29 | 29 114
41: 67 114 | 104 29
42: 73 29 | 93 114
43: 97 114 | 25 29
44: 1 114 | 61 29
45: 64 114 | 48 29
46: 89 29 | 94 114
47: 29 86 | 114 60
48: 29 21 | 114 29
49: 100 114 | 37 29
4: 79 29 | 68 114
50: 29 29 | 114 29
51: 19 29 | 129 114
52: 75 29 | 85 114
53: 48 29 | 132 114
54: 65 114 | 79 29
55: 131 29 | 32 114
56: 29 132 | 114 40
57: 117 114 | 82 29
58: 74 29 | 4 114
59: 79 29 | 48 114
5: 81 29 | 2 114
60: 114 104
61: 114 47 | 29 126
62: 29 33 | 114 72
63: 29 69 | 114 99
64: 114 114 | 114 29
65: 29 114 | 29 29
66: 114 80 | 29 71
67: 114 114 | 29 29
68: 29 114
69: 114 3 | 29 59
6: 132 114 | 79 29
70: 114 29
71: 129 114 | 131 29
72: 29 22 | 114 28
73: 95 29 | 91 114
74: 65 114
75: 50 114 | 20 29
76: 70 29
77: 14 114 | 20 29
78: 29 64 | 114 79
79: 29 29
7: 56 114 | 129 29
80: 98 29 | 102 114
81: 29 10 | 114 89
82: 87 114 | 101 29
83: 29 132 | 114 111
84: 24 29 | 17 114
85: 70 29 | 40 114
86: 111 29 | 65 114
87: 36 114 | 32 29
88: 133 114 | 27 29
89: 14 21
8: 42 | 42 8
90: 114 50 | 29 20
91: 29 5 | 114 66
92: 29 43 | 114 62
93: 29 16 | 114 44
94: 114 67 | 29 64
95: 114 96 | 29 123
96: 18 114 | 13 29
97: 114 51 | 29 124
98: 40 29 | 50 114
99: 83 29 | 53 114
9: 29 125 | 114 63